1.000000000000000000e+00 5.000000000000000000e+01 1.300000000000000000e+02 1.350000000000000000e+02 9.000000000000000000e+01 6.563024616493557950e-01
2.000000000000000000e+00 4.000000000000000000e+01 6.000000000000000000e+01 2.700000000000000000e+02 1.800000000000000000e+02 1.975100599810422519e+00
3.000000000000000000e+00 5.000000000000000000e+01 1.000000000000000000e+02 1.350000000000000000e+02 9.000000000000000000e+01 9.605749817836093385e-01
3.000000000000000000e+00 3.500000000000000000e+02 1.300000000000000000e+02 1.000000000000000000e+02 9.000000000000000000e+01 7.672383257339987495e-04
6.000000000000000000e+00 1.000000000000000000e+02 1.300000000000000000e+02 1.350000000000000000e+02 9.000000000000000000e+01 9.533334175158487689e-01
7.000000000000000000e+00 8.000000000000000000e+01 8.000000000000000000e+01 2.700000000000000000e+02 1.800000000000000000e+02 2.009053071767707976e-02
9.000000000000000000e+00 0.000000000000000000e+00 8.000000000000000000e+01 2.700000000000000000e+02 1.800000000000000000e+02 4.534631710903580526e-02
1.000000000000000000e+01 4.000000000000000000e+01 2.400000000000000000e+02 1.350000000000000000e+02 9.000000000000000000e+01 4.417763648701318324e-01
1.100000000000000000e+01 8.000000000000000000e+01 6.000000000000000000e+01 2.700000000000000000e+02 1.800000000000000000e+02 2.255486605666911171e+00
1.200000000000000000e+01 4.000000000000000000e+01 2.400000000000000000e+02 1.350000000000000000e+02 9.000000000000000000e+01 2.108759963787580016e+00
1.300000000000000000e+01 9.000000000000000000e+01 1.300000000000000000e+02 1.350000000000000000e+02 9.000000000000000000e+01 2.099770928369852907e+00
1.400000000000000000e+01 4.000000000000000000e+01 1.400000000000000000e+02 1.350000000000000000e+02 9.000000000000000000e+01 1.923082773414321434e+00
1.600000000000000000e+01 5.000000000000000000e+01 1.400000000000000000e+02 1.350000000000000000e+02 9.000000000000000000e+01 1.426897239336540668e+00
1.800000000000000000e+01 6.000000000000000000e+01 6.000000000000000000e+01 2.700000000000000000e+02 1.800000000000000000e+02 1.393999913903178456e+00
1.900000000000000000e+01 2.000000000000000000e+01 1.000000000000000000e+02 2.700000000000000000e+02 1.800000000000000000e+02 1.837690210394077095e+00
2.000000000000000000e+01 8.000000000000000000e+01 1.100000000000000000e+02 1.350000000000000000e+02 9.000000000000000000e+01 4.956760422441375269e-02
2.000000000000000000e+01 2.400000000000000000e+02 3.000000000000000000e+01 1.350000000000000000e+02 9.000000000000000000e+01 2.278818732046214990e-01
2.100000000000000000e+01 7.000000000000000000e+01 1.100000000000000000e+02 1.350000000000000000e+02 9.000000000000000000e+01 1.305962606827019368e+00
2.200000000000000000e+01 0.000000000000000000e+00 1.400000000000000000e+02 2.700000000000000000e+02 1.800000000000000000e+02 8.315424042082453226e-02
2.300000000000000000e+01 2.000000000000000000e+01 8.000000000000000000e+01 1.350000000000000000e+02 9.000000000000000000e+01 1.967110999720682596e+00
2.300000000000000000e+01 2.000000000000000000e+01 2.700000000000000000e+02 1.350000000000000000e+02 9.000000000000000000e+01 1.382464346159580693e+00
2.300000000000000000e+01 2.100000000000000000e+02 2.600000000000000000e+02 1.350000000000000000e+02 9.000000000000000000e+01 1.559573284957271433e+00
2.300000000000000000e+01 2.300000000000000000e+02 8.000000000000000000e+01 1.350000000000000000e+02 9.000000000000000000e+01 1.566652232980484616e+00
2.400000000000000000e+01 5.000000000000000000e+01 1.300000000000000000e+02 1.350000000000000000e+02 9.000000000000000000e+01 5.262410978631479885e-01
2.500000000000000000e+01 2.000000000000000000e+02 1.000000000000000000e+02 1.350000000000000000e+02 9.000000000000000000e+01 7.232965225289644806e-02
2.500000000000000000e+01 2.000000000000000000e+01 6.000000000000000000e+01 2.700000000000000000e+02 1.800000000000000000e+02 3.955295395198290542e-01
2.600000000000000000e+01 2.000000000000000000e+01 6.000000000000000000e+01 2.700000000000000000e+02 1.800000000000000000e+02 1.542284134224821912e+00
2.700000000000000000e+01 0.000000000000000000e+00 1.200000000000000000e+02 1.350000000000000000e+02 9.000000000000000000e+01 6.598789256013759541e-02
2.700000000000000000e+01 1.000000000000000000e+01 2.900000000000000000e+02 1.350000000000000000e+02 9.000000000000000000e+01 1.118289272770063292e+00
2.800000000000000000e+01 6.000000000000000000e+01 2.000000000000000000e+02 1.350000000000000000e+02 9.000000000000000000e+01 2.158412031419847388e-01
2.900000000000000000e+01 1.000000000000000000e+01 1.100000000000000000e+02 1.350000000000000000e+02 9.000000000000000000e+01 1.831339649900333821e+00
3.000000000000000000e+01 0.000000000000000000e+00 2.700000000000000000e+02 1.350000000000000000e+02 9.000000000000000000e+01 5.003001510949895980e-01
3.000000000000000000e+01 5.000000000000000000e+01 1.400000000000000000e+02 1.350000000000000000e+02 9.000000000000000000e+01 1.404090260836142079e+00
3.100000000000000000e+01 1.800000000000000000e+02 7.000000000000000000e+01 1.350000000000000000e+02 9.000000000000000000e+01 4.027638936558020077e-02
3.100000000000000000e+01 2.000000000000000000e+01 4.000000000000000000e+01 2.700000000000000000e+02 1.800000000000000000e+02 1.749649794738583175e+00
3.200000000000000000e+01 1.100000000000000000e+02 8.000000000000000000e+01 1.350000000000000000e+02 9.000000000000000000e+01 9.048104877751330655e-01
3.300000000000000000e+01 4.000000000000000000e+01 8.000000000000000000e+01 2.700000000000000000e+02 1.800000000000000000e+02 1.607339568999557322e-01
3.400000000000000000e+01 1.000000000000000000e+02 1.600000000000000000e+02 1.350000000000000000e+02 9.000000000000000000e+01 3.369969690632421688e-01
3.500000000000000000e+01 3.000000000000000000e+01 1.700000000000000000e+02 1.350000000000000000e+02 9.000000000000000000e+01 1.688320181113578844e+00
3.500000000000000000e+01 1.100000000000000000e+02 6.000000000000000000e+01 1.350000000000000000e+02 9.000000000000000000e+01 1.453624352958717392e+00
3.500000000000000000e+01 1.600000000000000000e+02 2.600000000000000000e+02 2.700000000000000000e+02 7.400000000000000000e+01 6.075741772696030552e-02
3.700000000000000000e+01 3.000000000000000000e+01 1.400000000000000000e+02 1.350000000000000000e+02 9.000000000000000000e+01 4.477372523160818574e-01
3.700000000000000000e+01 2.200000000000000000e+02 5.000000000000000000e+01 8.000000000000000000e+01 9.000000000000000000e+01 2.853420243156490343e-01
3.900000000000000000e+01 6.000000000000000000e+01 6.000000000000000000e+01 2.700000000000000000e+02 1.800000000000000000e+02 1.557546321285175228e+00
4.000000000000000000e+01 7.000000000000000000e+01 1.100000000000000000e+02 1.350000000000000000e+02 9.000000000000000000e+01 9.193903199785542490e-01
4.100000000000000000e+01 0.000000000000000000e+00 9.000000000000000000e+01 1.350000000000000000e+02 9.000000000000000000e+01 5.529111779841238139e-01
4.100000000000000000e+01 1.000000000000000000e+02 5.000000000000000000e+01 1.350000000000000000e+02 9.000000000000000000e+01 2.122689225318308281e-01
4.200000000000000000e+01 0.000000000000000000e+00 1.000000000000000000e+02 2.700000000000000000e+02 1.800000000000000000e+02 8.425447245116939321e-01
4.300000000000000000e+01 7.000000000000000000e+01 1.300000000000000000e+02 1.350000000000000000e+02 9.000000000000000000e+01 9.881028702326175583e-01
4.400000000000000000e+01 2.000000000000000000e+01 6.000000000000000000e+01 2.700000000000000000e+02 1.800000000000000000e+02 2.198564600320909168e+00
4.500000000000000000e+01 2.000000000000000000e+01 2.500000000000000000e+02 1.350000000000000000e+02 9.000000000000000000e+01 1.099777911636174554e+00
4.600000000000000000e+01 4.000000000000000000e+01 2.000000000000000000e+02 1.350000000000000000e+02 9.000000000000000000e+01 1.135178761774767064e+00
4.700000000000000000e+01 6.000000000000000000e+01 8.000000000000000000e+01 2.700000000000000000e+02 1.800000000000000000e+02 1.286970306854862134e+00
4.800000000000000000e+01 2.000000000000000000e+01 1.000000000000000000e+02 1.350000000000000000e+02 9.000000000000000000e+01 1.160187373222271390e+00
4.900000000000000000e+01 3.000000000000000000e+01 1.900000000000000000e+02 1.350000000000000000e+02 9.000000000000000000e+01 1.081957283747547738e+00
5.000000000000000000e+01 3.000000000000000000e+01 7.000000000000000000e+01 1.350000000000000000e+02 9.000000000000000000e+01 2.125119437502204445e+00
5.100000000000000000e+01 3.000000000000000000e+01 2.200000000000000000e+02 1.350000000000000000e+02 9.000000000000000000e+01 1.460016733992139937e+00
5.100000000000000000e+01 5.000000000000000000e+01 6.000000000000000000e+01 1.350000000000000000e+02 9.000000000000000000e+01 1.375471580825669893e+00
5.200000000000000000e+01 0.000000000000000000e+00 1.200000000000000000e+02 1.350000000000000000e+02 9.000000000000000000e+01 2.789433579385947048e-01
5.300000000000000000e+01 1.300000000000000000e+02 9.000000000000000000e+01 1.350000000000000000e+02 9.000000000000000000e+01 3.629593470229535157e-01
5.300000000000000000e+01 2.000000000000000000e+01 6.000000000000000000e+01 2.700000000000000000e+02 1.800000000000000000e+02 2.274764614398751217e+00
5.400000000000000000e+01 5.000000000000000000e+01 1.400000000000000000e+02 1.350000000000000000e+02 9.000000000000000000e+01 9.023215888605218282e-01
5.500000000000000000e+01 4.000000000000000000e+01 1.500000000000000000e+02 1.350000000000000000e+02 9.000000000000000000e+01 1.474726357042244196e+00
5.500000000000000000e+01 7.000000000000000000e+01 4.000000000000000000e+02 1.350000000000000000e+02 5.000000000000000000e+01 1.696182408063084956e-01
5.600000000000000000e+01 2.000000000000000000e+01 2.000000000000000000e+02 1.350000000000000000e+02 9.000000000000000000e+01 8.880136370372775367e-01
5.700000000000000000e+01 1.000000000000000000e+01 1.000000000000000000e+02 1.350000000000000000e+02 9.000000000000000000e+01 5.213563835153971482e-01
5.800000000000000000e+01 0.000000000000000000e+00 2.400000000000000000e+02 1.350000000000000000e+02 9.000000000000000000e+01 4.878605550627663767e-01
5.800000000000000000e+01 1.000000000000000000e+01 2.000000000000000000e+01 1.350000000000000000e+02 9.000000000000000000e+01 7.371442888360086876e-01
5.800000000000000000e+01 1.000000000000000000e+01 1.300000000000000000e+02 1.350000000000000000e+02 9.000000000000000000e+01 4.257291150747941622e-01
5.800000000000000000e+01 1.000000000000000000e+01 3.300000000000000000e+02 1.350000000000000000e+02 9.000000000000000000e+01 1.950704323933476481e-01
5.900000000000000000e+01 1.000000000000000000e+01 1.700000000000000000e+02 1.350000000000000000e+02 9.000000000000000000e+01 5.251785132492825525e-01
5.900000000000000000e+01 2.000000000000000000e+01 4.000000000000000000e+01 1.350000000000000000e+02 9.000000000000000000e+01 1.132379177798314984e-01
6.000000000000000000e+01 5.000000000000000000e+01 1.600000000000000000e+02 1.350000000000000000e+02 9.000000000000000000e+01 4.204982578754212774e-01
6.100000000000000000e+01 2.000000000000000000e+01 4.000000000000000000e+01 2.700000000000000000e+02 1.800000000000000000e+02 7.188686995999868934e-01
6.200000000000000000e+01 6.000000000000000000e+01 1.000000000000000000e+02 1.350000000000000000e+02 9.000000000000000000e+01 5.897819073788008737e-01
6.300000000000000000e+01 4.000000000000000000e+01 2.100000000000000000e+02 1.350000000000000000e+02 9.000000000000000000e+01 2.941917253801746845e-01
6.300000000000000000e+01 5.000000000000000000e+01 5.000000000000000000e+01 1.350000000000000000e+02 9.000000000000000000e+01 3.643997696948360066e-01
6.300000000000000000e+01 2.800000000000000000e+02 2.200000000000000000e+02 1.350000000000000000e+02 9.000000000000000000e+01 5.638108575149005652e-01
6.300000000000000000e+01 2.900000000000000000e+02 3.000000000000000000e+01 1.350000000000000000e+02 9.000000000000000000e+01 4.110540090396286317e-02
6.400000000000000000e+01 9.000000000000000000e+01 1.500000000000000000e+02 1.350000000000000000e+02 9.000000000000000000e+01 1.778264558359123892e+00
6.500000000000000000e+01 4.000000000000000000e+01 6.000000000000000000e+01 2.700000000000000000e+02 1.800000000000000000e+02 1.221049679114438735e+00
6.600000000000000000e+01 6.000000000000000000e+01 9.000000000000000000e+01 1.350000000000000000e+02 9.000000000000000000e+01 3.846363233967466932e-01
6.700000000000000000e+01 2.000000000000000000e+01 2.000000000000000000e+01 2.700000000000000000e+02 1.800000000000000000e+02 2.809905689291656739e+00
6.700000000000000000e+01 2.000000000000000000e+01 2.400000000000000000e+02 2.700000000000000000e+02 1.800000000000000000e+02 1.687184565476528064e+00
6.900000000000000000e+01 0.000000000000000000e+00 6.000000000000000000e+01 1.350000000000000000e+02 9.000000000000000000e+01 9.137425360245350348e-01
6.900000000000000000e+01 2.000000000000000000e+01 3.000000000000000000e+02 1.350000000000000000e+02 9.000000000000000000e+01 5.380068268282589550e-01
7.100000000000000000e+01 3.000000000000000000e+01 9.000000000000000000e+01 1.350000000000000000e+02 9.000000000000000000e+01 1.816837770290446574e+00
7.200000000000000000e+01 1.200000000000000000e+02 1.300000000000000000e+02 1.350000000000000000e+02 9.000000000000000000e+01 2.367578308449465041e-01
7.200000000000000000e+01 2.000000000000000000e+01 1.000000000000000000e+02 2.700000000000000000e+02 1.800000000000000000e+02 4.683879577683760509e-01
7.300000000000000000e+01 5.000000000000000000e+01 1.400000000000000000e+02 1.350000000000000000e+02 9.000000000000000000e+01 8.813501511896890683e-01
7.500000000000000000e+01 7.000000000000000000e+01 2.100000000000000000e+02 1.350000000000000000e+02 9.000000000000000000e+01 1.580823971593345867e-01
7.600000000000000000e+01 1.000000000000000000e+01 9.000000000000000000e+01 1.350000000000000000e+02 9.000000000000000000e+01 7.813663453092045685e-02
7.600000000000000000e+01 4.000000000000000000e+01 1.300000000000000000e+02 1.350000000000000000e+02 9.000000000000000000e+01 1.129553510797555838e+00
7.800000000000000000e+01 2.000000000000000000e+01 1.300000000000000000e+02 1.350000000000000000e+02 9.000000000000000000e+01 9.759839130161167553e-01
8.000000000000000000e+01 2.000000000000000000e+01 2.000000000000000000e+02 2.700000000000000000e+02 1.800000000000000000e+02 1.028123952929789642e+00
8.100000000000000000e+01 6.000000000000000000e+01 1.200000000000000000e+02 2.700000000000000000e+02 1.800000000000000000e+02 3.053440891457950279e-01
8.200000000000000000e+01 1.900000000000000000e+02 8.000000000000000000e+01 1.350000000000000000e+02 9.000000000000000000e+01 4.295466961170810727e-01
8.200000000000000000e+01 6.000000000000000000e+01 8.000000000000000000e+01 2.700000000000000000e+02 1.800000000000000000e+02 1.453729635499279027e-02
8.400000000000000000e+01 0.000000000000000000e+00 9.000000000000000000e+01 1.350000000000000000e+02 9.000000000000000000e+01 1.183846968274460121e+00
8.500000000000000000e+01 6.000000000000000000e+01 4.000000000000000000e+01 2.700000000000000000e+02 1.800000000000000000e+02 2.128237342969483858e+00
8.600000000000000000e+01 5.000000000000000000e+01 1.000000000000000000e+02 1.350000000000000000e+02 9.000000000000000000e+01 1.285553382381046550e+00
8.700000000000000000e+01 1.000000000000000000e+01 7.000000000000000000e+01 1.350000000000000000e+02 9.000000000000000000e+01 9.371672851731278620e-01
8.800000000000000000e+01 0.000000000000000000e+00 2.200000000000000000e+02 2.700000000000000000e+02 1.800000000000000000e+02 1.146426031084816000e+00
8.900000000000000000e+01 1.100000000000000000e+02 1.600000000000000000e+02 1.350000000000000000e+02 9.000000000000000000e+01 3.400896697590565232e-01
8.900000000000000000e+01 1.000000000000000000e+02 8.000000000000000000e+01 2.700000000000000000e+02 1.800000000000000000e+02 1.287466490559823651e+00
9.000000000000000000e+01 1.600000000000000000e+02 9.000000000000000000e+01 1.350000000000000000e+02 9.000000000000000000e+01 2.681764709470790820e-01
9.000000000000000000e+01 6.000000000000000000e+01 8.000000000000000000e+01 2.700000000000000000e+02 1.800000000000000000e+02 2.002299613727688499e+00
9.100000000000000000e+01 4.000000000000000000e+01 1.000000000000000000e+02 1.350000000000000000e+02 9.000000000000000000e+01 8.728216035200691003e-01
9.200000000000000000e+01 8.000000000000000000e+01 1.300000000000000000e+02 1.350000000000000000e+02 9.000000000000000000e+01 1.241127187595589376e+00
9.300000000000000000e+01 4.000000000000000000e+01 1.200000000000000000e+02 1.350000000000000000e+02 9.000000000000000000e+01 2.400462927760219412e+00
9.400000000000000000e+01 0.000000000000000000e+00 2.400000000000000000e+02 2.700000000000000000e+02 1.800000000000000000e+02 1.993964956964517032e+00
9.500000000000000000e+01 3.000000000000000000e+01 1.100000000000000000e+02 1.350000000000000000e+02 9.000000000000000000e+01 1.334962608702647824e+00
9.500000000000000000e+01 2.000000000000000000e+01 1.000000000000000000e+02 2.700000000000000000e+02 1.800000000000000000e+02 1.791622040449705189e-01
9.600000000000000000e+01 4.000000000000000000e+01 1.000000000000000000e+02 2.700000000000000000e+02 1.800000000000000000e+02 6.500122092975417765e-01
9.700000000000000000e+01 0.000000000000000000e+00 1.000000000000000000e+02 2.700000000000000000e+02 1.800000000000000000e+02 1.627833843780833512e+00
9.700000000000000000e+01 1.000000000000000000e+02 8.000000000000000000e+01 2.140000000000000000e+02 1.800000000000000000e+02 3.693313997306768570e-02
9.800000000000000000e+01 2.000000000000000000e+01 1.200000000000000000e+02 1.350000000000000000e+02 9.000000000000000000e+01 5.775904995144589549e-01
9.900000000000000000e+01 1.000000000000000000e+01 6.000000000000000000e+01 1.350000000000000000e+02 9.000000000000000000e+01 6.215007382286663606e-01
1.000000000000000000e+02 2.000000000000000000e+01 2.000000000000000000e+01 1.350000000000000000e+02 9.000000000000000000e+01 1.909154684481376041e+00
1.000000000000000000e+02 2.000000000000000000e+01 1.700000000000000000e+02 1.350000000000000000e+02 9.000000000000000000e+01 1.174939079692769450e+00
1.000000000000000000e+02 3.000000000000000000e+01 3.300000000000000000e+02 1.350000000000000000e+02 9.000000000000000000e+01 1.248807118120399462e+00
1.000000000000000000e+02 2.100000000000000000e+02 2.400000000000000000e+02 1.350000000000000000e+02 9.000000000000000000e+01 2.238721713066394781e+00
1.000000000000000000e+02 2.200000000000000000e+02 3.000000000000000000e+01 1.350000000000000000e+02 9.000000000000000000e+01 1.351334972478916985e+00
1.010000000000000000e+02 2.500000000000000000e+02 1.000000000000000000e+02 1.350000000000000000e+02 9.000000000000000000e+01 7.614858438822924569e-03
1.010000000000000000e+02 4.000000000000000000e+01 6.000000000000000000e+01 2.700000000000000000e+02 1.800000000000000000e+02 2.815200059673483857e-01
1.020000000000000000e+02 1.000000000000000000e+01 1.400000000000000000e+02 1.350000000000000000e+02 9.000000000000000000e+01 6.260631365523940950e-01
1.030000000000000000e+02 2.000000000000000000e+01 1.600000000000000000e+02 1.350000000000000000e+02 9.000000000000000000e+01 1.273948222619638582e+00
1.030000000000000000e+02 9.000000000000000000e+01 1.000000000000000000e+01 1.350000000000000000e+02 9.000000000000000000e+01 1.405483498008921917e+00
1.050000000000000000e+02 1.500000000000000000e+02 1.500000000000000000e+02 1.350000000000000000e+02 9.000000000000000000e+01 4.677400143814045563e-01
1.050000000000000000e+02 4.000000000000000000e+01 1.200000000000000000e+02 2.700000000000000000e+02 1.800000000000000000e+02 1.326058636363462995e-01
1.060000000000000000e+02 3.000000000000000000e+01 9.000000000000000000e+01 1.350000000000000000e+02 9.000000000000000000e+01 1.317364214329150851e+00
1.070000000000000000e+02 1.100000000000000000e+02 1.400000000000000000e+02 1.350000000000000000e+02 9.000000000000000000e+01 3.713483034796016824e-02
1.070000000000000000e+02 1.400000000000000000e+02 5.000000000000000000e+01 1.350000000000000000e+02 9.000000000000000000e+01 4.238172658570742435e-01
1.070000000000000000e+02 4.000000000000000000e+01 6.000000000000000000e+01 2.700000000000000000e+02 1.800000000000000000e+02 6.653061528689758752e-01
1.080000000000000000e+02 3.000000000000000000e+01 9.000000000000000000e+01 1.350000000000000000e+02 9.000000000000000000e+01 1.582815703201941648e+00
1.090000000000000000e+02 7.000000000000000000e+01 9.000000000000000000e+01 1.350000000000000000e+02 9.000000000000000000e+01 1.495707872064526711e-01
1.100000000000000000e+02 6.000000000000000000e+01 8.000000000000000000e+01 1.350000000000000000e+02 9.000000000000000000e+01 1.660599584110595828e-01
1.110000000000000000e+02 0.000000000000000000e+00 4.000000000000000000e+01 2.700000000000000000e+02 1.800000000000000000e+02 1.797497746035020771e+00
1.120000000000000000e+02 2.000000000000000000e+01 5.000000000000000000e+01 1.350000000000000000e+02 9.000000000000000000e+01 3.092533365273331114e-01
1.120000000000000000e+02 0.000000000000000000e+00 4.000000000000000000e+01 2.700000000000000000e+02 1.800000000000000000e+02 5.644694766964035715e-01
1.130000000000000000e+02 2.000000000000000000e+01 1.200000000000000000e+02 1.350000000000000000e+02 9.000000000000000000e+01 1.599289498618424954e+00
1.140000000000000000e+02 1.000000000000000000e+01 2.000000000000000000e+02 1.350000000000000000e+02 9.000000000000000000e+01 1.228267423140077419e+00
1.160000000000000000e+02 1.000000000000000000e+01 1.000000000000000000e+01 1.350000000000000000e+02 9.000000000000000000e+01 1.290345189276175475e+00
1.160000000000000000e+02 7.000000000000000000e+01 2.100000000000000000e+02 1.350000000000000000e+02 9.000000000000000000e+01 8.713041180954226306e-01
1.170000000000000000e+02 6.000000000000000000e+01 4.000000000000000000e+01 2.700000000000000000e+02 1.800000000000000000e+02 7.831738336167344272e-01
1.180000000000000000e+02 3.000000000000000000e+01 1.100000000000000000e+02 1.350000000000000000e+02 9.000000000000000000e+01 1.728663176771780829e+00
1.200000000000000000e+02 4.000000000000000000e+01 1.800000000000000000e+02 1.350000000000000000e+02 9.000000000000000000e+01 2.064589703742192750e+00
1.210000000000000000e+02 2.000000000000000000e+01 1.500000000000000000e+02 1.350000000000000000e+02 9.000000000000000000e+01 1.100773101633966800e+00
1.210000000000000000e+02 6.000000000000000000e+01 1.300000000000000000e+02 1.350000000000000000e+02 9.000000000000000000e+01 5.982892654593063853e-01
1.230000000000000000e+02 1.200000000000000000e+02 2.100000000000000000e+02 1.350000000000000000e+02 9.000000000000000000e+01 5.190992684011788150e-01
1.240000000000000000e+02 4.000000000000000000e+01 1.200000000000000000e+02 1.350000000000000000e+02 9.000000000000000000e+01 1.202629819746702022e+00
1.260000000000000000e+02 4.000000000000000000e+01 6.000000000000000000e+01 2.700000000000000000e+02 1.800000000000000000e+02 1.587555327630424173e+00
1.270000000000000000e+02 1.000000000000000000e+01 3.000000000000000000e+01 1.350000000000000000e+02 9.000000000000000000e+01 3.735671877614521463e-02
1.270000000000000000e+02 5.000000000000000000e+01 1.900000000000000000e+02 1.350000000000000000e+02 9.000000000000000000e+01 6.026440850649872338e-01
1.280000000000000000e+02 2.000000000000000000e+01 4.000000000000000000e+01 1.350000000000000000e+02 9.000000000000000000e+01 5.972612065108258150e-01
1.290000000000000000e+02 1.000000000000000000e+01 2.900000000000000000e+02 1.350000000000000000e+02 9.000000000000000000e+01 1.995731930727268288e+00
1.290000000000000000e+02 2.000000000000000000e+01 8.000000000000000000e+01 1.350000000000000000e+02 9.000000000000000000e+01 1.302784795531632067e+00
1.300000000000000000e+02 5.000000000000000000e+01 2.800000000000000000e+02 1.350000000000000000e+02 9.000000000000000000e+01 2.182695904057094793e-01
1.320000000000000000e+02 2.000000000000000000e+01 9.000000000000000000e+01 1.350000000000000000e+02 9.000000000000000000e+01 1.148385957320896544e-01
1.320000000000000000e+02 2.000000000000000000e+01 1.900000000000000000e+02 1.350000000000000000e+02 9.000000000000000000e+01 1.334226479249260855e+00
1.330000000000000000e+02 2.000000000000000000e+01 1.200000000000000000e+02 1.350000000000000000e+02 9.000000000000000000e+01 1.416089309326439061e+00
1.330000000000000000e+02 5.000000000000000000e+01 2.400000000000000000e+02 1.350000000000000000e+02 9.000000000000000000e+01 1.436242273588716589e+00
1.340000000000000000e+02 1.900000000000000000e+02 1.300000000000000000e+02 1.350000000000000000e+02 9.000000000000000000e+01 1.631022543213322962e-02
1.340000000000000000e+02 2.000000000000000000e+01 6.000000000000000000e+01 2.700000000000000000e+02 1.800000000000000000e+02 1.559377174856893866e+00
1.350000000000000000e+02 6.000000000000000000e+01 8.000000000000000000e+01 2.700000000000000000e+02 1.800000000000000000e+02 9.115690034359351657e-01
1.400000000000000000e+02 1.000000000000000000e+01 1.300000000000000000e+02 1.350000000000000000e+02 9.000000000000000000e+01 1.975593277517027513e+00
1.400000000000000000e+02 1.000000000000000000e+01 2.600000000000000000e+02 1.350000000000000000e+02 9.000000000000000000e+01 5.324862219487522808e-01
1.410000000000000000e+02 8.000000000000000000e+01 1.600000000000000000e+02 1.350000000000000000e+02 9.000000000000000000e+01 2.317942443328058211e-01
1.420000000000000000e+02 0.000000000000000000e+00 8.000000000000000000e+01 2.700000000000000000e+02 1.800000000000000000e+02 1.030660200346084299e+00
1.430000000000000000e+02 6.000000000000000000e+01 4.000000000000000000e+01 2.700000000000000000e+02 1.800000000000000000e+02 8.489952498275123993e-01
1.440000000000000000e+02 1.000000000000000000e+01 1.000000000000000000e+02 1.350000000000000000e+02 9.000000000000000000e+01 1.645650051811433201e+00
1.460000000000000000e+02 5.000000000000000000e+01 2.000000000000000000e+02 1.350000000000000000e+02 9.000000000000000000e+01 1.431875778134028554e+00
1.470000000000000000e+02 1.000000000000000000e+02 1.300000000000000000e+02 1.350000000000000000e+02 9.000000000000000000e+01 7.351303565606532864e-01
1.480000000000000000e+02 8.000000000000000000e+01 1.700000000000000000e+02 1.350000000000000000e+02 9.000000000000000000e+01 1.389051020673981895e+00
1.490000000000000000e+02 2.000000000000000000e+01 2.700000000000000000e+02 1.350000000000000000e+02 9.000000000000000000e+01 2.592345592420148837e+00
1.500000000000000000e+02 0.000000000000000000e+00 1.000000000000000000e+02 1.350000000000000000e+02 9.000000000000000000e+01 6.222042023240832442e-01
1.510000000000000000e+02 6.000000000000000000e+01 6.000000000000000000e+01 2.700000000000000000e+02 1.800000000000000000e+02 4.409249677780020527e-01
1.520000000000000000e+02 2.000000000000000000e+01 1.000000000000000000e+02 1.350000000000000000e+02 9.000000000000000000e+01 1.911423268609144355e+00
1.530000000000000000e+02 1.200000000000000000e+02 2.000000000000000000e+02 1.350000000000000000e+02 9.000000000000000000e+01 4.455898359246033280e-01
1.550000000000000000e+02 2.000000000000000000e+01 1.100000000000000000e+02 1.350000000000000000e+02 9.000000000000000000e+01 5.476128315810075975e-01
1.560000000000000000e+02 1.000000000000000000e+01 2.800000000000000000e+02 1.350000000000000000e+02 9.000000000000000000e+01 4.135317021736781840e-01
1.560000000000000000e+02 5.000000000000000000e+01 8.000000000000000000e+01 1.350000000000000000e+02 9.000000000000000000e+01 8.204487407647316211e-01
1.570000000000000000e+02 1.000000000000000000e+02 4.000000000000000000e+01 2.700000000000000000e+02 1.800000000000000000e+02 1.294328591243609328e+00
1.580000000000000000e+02 2.000000000000000000e+01 8.000000000000000000e+01 2.700000000000000000e+02 1.800000000000000000e+02 1.291979951851691677e+00
1.590000000000000000e+02 2.000000000000000000e+01 6.000000000000000000e+01 2.700000000000000000e+02 1.800000000000000000e+02 2.428033407367380381e+00
1.600000000000000000e+02 4.000000000000000000e+01 6.000000000000000000e+01 2.700000000000000000e+02 1.800000000000000000e+02 1.711356119647687191e+00
1.610000000000000000e+02 8.000000000000000000e+01 1.800000000000000000e+02 1.350000000000000000e+02 9.000000000000000000e+01 1.193576714532471605e-01
1.620000000000000000e+02 5.000000000000000000e+01 1.500000000000000000e+02 1.350000000000000000e+02 9.000000000000000000e+01 1.459698835340645928e-01
1.620000000000000000e+02 0.000000000000000000e+00 1.400000000000000000e+02 2.700000000000000000e+02 1.800000000000000000e+02 2.866037208167111494e-01
1.630000000000000000e+02 3.000000000000000000e+01 2.200000000000000000e+02 1.350000000000000000e+02 9.000000000000000000e+01 6.133310127908830900e-01
1.640000000000000000e+02 1.000000000000000000e+01 1.600000000000000000e+02 1.350000000000000000e+02 9.000000000000000000e+01 6.531688409059470679e-01
1.650000000000000000e+02 1.500000000000000000e+02 9.000000000000000000e+01 1.350000000000000000e+02 9.000000000000000000e+01 2.412136008478800164e-01
1.660000000000000000e+02 3.000000000000000000e+01 1.500000000000000000e+02 1.350000000000000000e+02 9.000000000000000000e+01 4.680526759767769107e-01
1.670000000000000000e+02 1.000000000000000000e+01 3.200000000000000000e+02 1.350000000000000000e+02 9.000000000000000000e+01 2.223868568749214347e-01
1.670000000000000000e+02 6.000000000000000000e+01 4.000000000000000000e+01 1.350000000000000000e+02 9.000000000000000000e+01 1.171142950255961157e+00
1.680000000000000000e+02 1.000000000000000000e+01 2.000000000000000000e+02 1.350000000000000000e+02 9.000000000000000000e+01 1.363971257667150550e+00
1.720000000000000000e+02 1.600000000000000000e+02 2.200000000000000000e+02 1.350000000000000000e+02 9.000000000000000000e+01 1.871415227673742798e-01
1.720000000000000000e+02 4.000000000000000000e+01 6.000000000000000000e+01 2.700000000000000000e+02 1.800000000000000000e+02 2.430496173434599338e+00
1.720000000000000000e+02 8.000000000000000000e+01 2.200000000000000000e+02 2.400000000000000000e+02 1.800000000000000000e+02 4.125476324729460131e-02
1.740000000000000000e+02 2.600000000000000000e+02 9.000000000000000000e+01 1.350000000000000000e+02 9.000000000000000000e+01 2.235366156777738311e-01
1.740000000000000000e+02 8.000000000000000000e+01 4.000000000000000000e+01 2.700000000000000000e+02 1.800000000000000000e+02 1.420276196409786973e+00
1.760000000000000000e+02 1.100000000000000000e+02 1.300000000000000000e+02 1.350000000000000000e+02 9.000000000000000000e+01 4.064315266769837898e-01
1.760000000000000000e+02 4.000000000000000000e+01 8.000000000000000000e+01 2.700000000000000000e+02 1.800000000000000000e+02 4.495972745140450755e-01
1.770000000000000000e+02 1.000000000000000000e+01 1.800000000000000000e+02 1.350000000000000000e+02 9.000000000000000000e+01 2.194894378154410575e-02
1.770000000000000000e+02 4.000000000000000000e+01 5.000000000000000000e+01 1.350000000000000000e+02 9.000000000000000000e+01 1.450219990576563589e+00
1.790000000000000000e+02 7.000000000000000000e+01 1.400000000000000000e+02 1.350000000000000000e+02 9.000000000000000000e+01 2.068323198459114387e-01
1.790000000000000000e+02 4.000000000000000000e+01 8.000000000000000000e+01 2.700000000000000000e+02 1.800000000000000000e+02 1.426777191623676888e+00
1.810000000000000000e+02 0.000000000000000000e+00 1.000000000000000000e+01 1.350000000000000000e+02 9.000000000000000000e+01 3.721623953292496623e-02
1.820000000000000000e+02 1.100000000000000000e+02 3.000000000000000000e+01 1.350000000000000000e+02 9.000000000000000000e+01 5.845584245017620972e-02
1.820000000000000000e+02 4.000000000000000000e+01 4.000000000000000000e+01 2.700000000000000000e+02 1.800000000000000000e+02 8.070715792339400174e-01
1.830000000000000000e+02 1.000000000000000000e+01 7.000000000000000000e+01 1.350000000000000000e+02 9.000000000000000000e+01 1.062626314870243949e+00
1.850000000000000000e+02 0.000000000000000000e+00 4.000000000000000000e+01 2.700000000000000000e+02 1.800000000000000000e+02 1.711363317800409067e+00
1.860000000000000000e+02 1.000000000000000000e+01 2.000000000000000000e+02 1.350000000000000000e+02 9.000000000000000000e+01 1.132543910589824954e-01
1.870000000000000000e+02 1.500000000000000000e+02 7.000000000000000000e+01 1.350000000000000000e+02 9.000000000000000000e+01 1.276699214567077245e+00
1.880000000000000000e+02 2.000000000000000000e+01 1.700000000000000000e+02 1.350000000000000000e+02 9.000000000000000000e+01 2.024167361414039856e+00
1.890000000000000000e+02 5.000000000000000000e+01 1.000000000000000000e+02 1.350000000000000000e+02 9.000000000000000000e+01 1.162753529140010844e+00
1.900000000000000000e+02 5.000000000000000000e+01 1.000000000000000000e+02 1.350000000000000000e+02 9.000000000000000000e+01 1.661461836376876278e+00
1.910000000000000000e+02 2.000000000000000000e+01 6.000000000000000000e+01 1.350000000000000000e+02 9.000000000000000000e+01 1.601097792062140091e+00
1.940000000000000000e+02 3.000000000000000000e+01 1.700000000000000000e+02 1.350000000000000000e+02 9.000000000000000000e+01 9.760389320287465864e-02
1.960000000000000000e+02 4.000000000000000000e+01 1.400000000000000000e+02 1.350000000000000000e+02 9.000000000000000000e+01 1.037701751539767070e+00
1.970000000000000000e+02 0.000000000000000000e+00 9.000000000000000000e+01 1.350000000000000000e+02 9.000000000000000000e+01 1.766504821235495015e-01
1.980000000000000000e+02 5.000000000000000000e+01 2.200000000000000000e+02 1.350000000000000000e+02 9.000000000000000000e+01 5.110939954459170487e-01
1.980000000000000000e+02 0.000000000000000000e+00 1.600000000000000000e+02 2.700000000000000000e+02 1.800000000000000000e+02 7.505378059482543662e-01
1.990000000000000000e+02 0.000000000000000000e+00 1.300000000000000000e+02 1.350000000000000000e+02 9.000000000000000000e+01 4.249788267770293615e-02
2.000000000000000000e+02 3.000000000000000000e+01 4.000000000000000000e+01 1.350000000000000000e+02 9.000000000000000000e+01 9.211807753417486921e-01
2.010000000000000000e+02 1.000000000000000000e+01 9.000000000000000000e+01 1.350000000000000000e+02 9.000000000000000000e+01 6.056408267453581296e-01
2.020000000000000000e+02 1.900000000000000000e+02 1.100000000000000000e+02 1.350000000000000000e+02 9.000000000000000000e+01 8.017056783890628147e-01
2.030000000000000000e+02 4.000000000000000000e+01 1.700000000000000000e+02 1.350000000000000000e+02 9.000000000000000000e+01 3.482375998943498807e-01
2.050000000000000000e+02 7.000000000000000000e+01 1.700000000000000000e+02 1.350000000000000000e+02 9.000000000000000000e+01 6.019287498100029943e-01
2.060000000000000000e+02 1.800000000000000000e+02 1.300000000000000000e+02 1.350000000000000000e+02 9.000000000000000000e+01 4.636405324585139986e-01
2.060000000000000000e+02 2.000000000000000000e+01 1.000000000000000000e+02 2.700000000000000000e+02 1.800000000000000000e+02 1.884514109289449735e+00
2.070000000000000000e+02 2.000000000000000000e+01 2.200000000000000000e+02 1.350000000000000000e+02 9.000000000000000000e+01 1.523716343153847408e+00
2.070000000000000000e+02 6.000000000000000000e+01 6.000000000000000000e+01 1.350000000000000000e+02 9.000000000000000000e+01 1.198757097752269907e-01
2.080000000000000000e+02 2.100000000000000000e+02 9.000000000000000000e+01 1.350000000000000000e+02 9.000000000000000000e+01 6.469286692651428083e-01
2.090000000000000000e+02 0.000000000000000000e+00 8.000000000000000000e+01 2.700000000000000000e+02 1.800000000000000000e+02 1.208925651448874206e+00
2.100000000000000000e+02 2.000000000000000000e+01 8.000000000000000000e+01 2.700000000000000000e+02 1.800000000000000000e+02 1.418845991927358607e+00
2.110000000000000000e+02 4.000000000000000000e+01 2.800000000000000000e+02 1.350000000000000000e+02 9.000000000000000000e+01 1.083819413397312026e+00
2.110000000000000000e+02 9.000000000000000000e+01 9.000000000000000000e+01 1.350000000000000000e+02 9.000000000000000000e+01 5.528789411147108090e-01
2.120000000000000000e+02 2.000000000000000000e+01 1.500000000000000000e+02 1.350000000000000000e+02 9.000000000000000000e+01 1.816977617130815847e+00
2.130000000000000000e+02 2.000000000000000000e+01 1.300000000000000000e+02 1.350000000000000000e+02 9.000000000000000000e+01 2.391318742773594241e+00
2.140000000000000000e+02 4.000000000000000000e+01 1.000000000000000000e+02 2.700000000000000000e+02 1.800000000000000000e+02 6.126581519705522894e-01
2.140000000000000000e+02 1.000000000000000000e+02 6.000000000000000000e+01 2.700000000000000000e+02 1.800000000000000000e+02 2.213533267308167574e-01
2.150000000000000000e+02 6.000000000000000000e+01 8.000000000000000000e+01 2.700000000000000000e+02 1.800000000000000000e+02 1.147160128444039362e+00
2.160000000000000000e+02 6.000000000000000000e+01 1.600000000000000000e+02 1.350000000000000000e+02 9.000000000000000000e+01 1.533930545202120133e+00
2.170000000000000000e+02 5.000000000000000000e+01 1.400000000000000000e+02 1.350000000000000000e+02 9.000000000000000000e+01 4.334776856987985205e-01
2.170000000000000000e+02 7.000000000000000000e+01 1.200000000000000000e+02 1.350000000000000000e+02 9.000000000000000000e+01 2.618116969087003199e-02
2.180000000000000000e+02 3.000000000000000000e+01 6.000000000000000000e+01 1.350000000000000000e+02 9.000000000000000000e+01 9.345743859699520151e-01
2.180000000000000000e+02 3.000000000000000000e+01 2.100000000000000000e+02 1.350000000000000000e+02 9.000000000000000000e+01 4.510426322837437496e-01
2.180000000000000000e+02 1.800000000000000000e+02 1.000000000000000000e+01 1.350000000000000000e+02 9.000000000000000000e+01 6.455968679252417353e-01
2.190000000000000000e+02 1.000000000000000000e+01 2.000000000000000000e+02 1.350000000000000000e+02 9.000000000000000000e+01 1.179313127299526975e+00
2.200000000000000000e+02 4.000000000000000000e+01 1.200000000000000000e+02 1.350000000000000000e+02 9.000000000000000000e+01 1.574161033476290772e+00
2.210000000000000000e+02 0.000000000000000000e+00 6.000000000000000000e+01 2.700000000000000000e+02 1.800000000000000000e+02 1.151619624127776742e+00
2.230000000000000000e+02 0.000000000000000000e+00 1.000000000000000000e+02 1.350000000000000000e+02 9.000000000000000000e+01 1.691785550433331231e-01
2.240000000000000000e+02 4.000000000000000000e+01 4.000000000000000000e+01 2.700000000000000000e+02 1.800000000000000000e+02 6.326651769856952434e-01
2.250000000000000000e+02 0.000000000000000000e+00 1.000000000000000000e+02 2.700000000000000000e+02 1.800000000000000000e+02 4.351171099546484733e-01
2.260000000000000000e+02 6.000000000000000000e+01 6.000000000000000000e+01 1.350000000000000000e+02 9.000000000000000000e+01 2.449884622694762371e-01
2.260000000000000000e+02 2.000000000000000000e+01 6.000000000000000000e+01 2.700000000000000000e+02 1.800000000000000000e+02 9.481111036707758899e-01
2.260000000000000000e+02 8.000000000000000000e+01 2.000000000000000000e+01 2.700000000000000000e+02 1.800000000000000000e+02 8.186417120195743635e-02
2.270000000000000000e+02 4.000000000000000000e+01 1.000000000000000000e+02 2.700000000000000000e+02 1.800000000000000000e+02 6.162099271676679813e-01
2.280000000000000000e+02 7.000000000000000000e+01 1.300000000000000000e+02 1.350000000000000000e+02 9.000000000000000000e+01 2.563384707581647159e+00
2.290000000000000000e+02 4.000000000000000000e+01 4.000000000000000000e+01 2.700000000000000000e+02 1.800000000000000000e+02 1.575376969514197700e+00
2.300000000000000000e+02 2.000000000000000000e+01 8.000000000000000000e+01 2.700000000000000000e+02 1.800000000000000000e+02 8.374832942118715096e-01
2.310000000000000000e+02 2.000000000000000000e+01 7.000000000000000000e+01 1.350000000000000000e+02 9.000000000000000000e+01 1.054556158854607961e+00
2.320000000000000000e+02 3.000000000000000000e+01 1.500000000000000000e+02 1.350000000000000000e+02 9.000000000000000000e+01 1.623056920135184100e-01
2.320000000000000000e+02 0.000000000000000000e+00 1.000000000000000000e+02 2.700000000000000000e+02 1.800000000000000000e+02 2.695545822879599207e-01
2.330000000000000000e+02 1.400000000000000000e+02 9.000000000000000000e+01 1.350000000000000000e+02 9.000000000000000000e+01 3.626802699634135152e-01
2.330000000000000000e+02 0.000000000000000000e+00 4.000000000000000000e+01 2.700000000000000000e+02 1.800000000000000000e+02 1.423153989995763258e+00
2.340000000000000000e+02 1.000000000000000000e+02 1.100000000000000000e+02 1.350000000000000000e+02 9.000000000000000000e+01 1.558768347739944993e-01
2.340000000000000000e+02 0.000000000000000000e+00 8.000000000000000000e+01 2.700000000000000000e+02 1.800000000000000000e+02 6.344142337919542740e-01
2.360000000000000000e+02 2.000000000000000000e+01 6.000000000000000000e+01 2.700000000000000000e+02 1.800000000000000000e+02 2.719694403497041169e+00
2.370000000000000000e+02 1.000000000000000000e+01 1.300000000000000000e+02 1.350000000000000000e+02 9.000000000000000000e+01 1.487240243817224084e+00
2.380000000000000000e+02 4.000000000000000000e+01 6.000000000000000000e+01 2.700000000000000000e+02 1.800000000000000000e+02 2.267730912861440906e-01
2.390000000000000000e+02 0.000000000000000000e+00 2.800000000000000000e+02 1.350000000000000000e+02 9.000000000000000000e+01 2.365549342775432162e+00
2.400000000000000000e+02 0.000000000000000000e+00 4.000000000000000000e+01 2.700000000000000000e+02 1.800000000000000000e+02 8.122839182205274788e-01
2.410000000000000000e+02 2.100000000000000000e+02 1.200000000000000000e+02 1.350000000000000000e+02 9.000000000000000000e+01 1.763987072183558880e+00
2.420000000000000000e+02 2.000000000000000000e+01 1.200000000000000000e+02 1.350000000000000000e+02 9.000000000000000000e+01 1.359737241262064078e+00
2.430000000000000000e+02 0.000000000000000000e+00 2.500000000000000000e+02 1.350000000000000000e+02 9.000000000000000000e+01 1.367780724845523377e+00
2.440000000000000000e+02 8.000000000000000000e+01 6.000000000000000000e+01 2.700000000000000000e+02 1.800000000000000000e+02 7.458571354512475438e-01
2.450000000000000000e+02 0.000000000000000000e+00 9.000000000000000000e+01 1.350000000000000000e+02 9.000000000000000000e+01 2.522713112524974655e-01
2.460000000000000000e+02 4.000000000000000000e+01 1.900000000000000000e+02 1.350000000000000000e+02 9.000000000000000000e+01 1.803991600221104274e+00
2.470000000000000000e+02 2.000000000000000000e+01 7.000000000000000000e+01 1.350000000000000000e+02 9.000000000000000000e+01 1.265949925988789637e-01
2.470000000000000000e+02 9.000000000000000000e+01 2.000000000000000000e+02 1.350000000000000000e+02 9.000000000000000000e+01 6.938708470138363893e-01
2.490000000000000000e+02 0.000000000000000000e+00 2.000000000000000000e+02 1.350000000000000000e+02 9.000000000000000000e+01 6.773275740344968376e-01
2.490000000000000000e+02 5.000000000000000000e+01 4.000000000000000000e+01 1.350000000000000000e+02 9.000000000000000000e+01 1.616175914075462128e+00
2.490000000000000000e+02 8.000000000000000000e+01 3.200000000000000000e+02 1.350000000000000000e+02 9.000000000000000000e+01 5.919748932851969236e-01
2.500000000000000000e+02 3.000000000000000000e+01 2.800000000000000000e+02 1.350000000000000000e+02 9.000000000000000000e+01 1.577114054568067303e-01
2.520000000000000000e+02 1.700000000000000000e+02 1.300000000000000000e+02 1.350000000000000000e+02 9.000000000000000000e+01 9.916865609474045939e-01
2.530000000000000000e+02 6.000000000000000000e+01 2.000000000000000000e+02 2.700000000000000000e+02 1.800000000000000000e+02 6.986104516287845456e-01
2.540000000000000000e+02 8.000000000000000000e+01 1.500000000000000000e+02 1.350000000000000000e+02 9.000000000000000000e+01 1.829030753583890334e+00
2.550000000000000000e+02 0.000000000000000000e+00 1.100000000000000000e+02 1.350000000000000000e+02 9.000000000000000000e+01 9.423634059540715313e-01
2.560000000000000000e+02 2.000000000000000000e+01 1.000000000000000000e+02 2.700000000000000000e+02 1.800000000000000000e+02 1.420237885268516909e+00
2.570000000000000000e+02 5.000000000000000000e+01 1.300000000000000000e+02 1.350000000000000000e+02 9.000000000000000000e+01 1.423186538680194069e+00
2.590000000000000000e+02 2.000000000000000000e+01 2.100000000000000000e+02 1.350000000000000000e+02 9.000000000000000000e+01 5.098314114175179768e-01
2.610000000000000000e+02 3.000000000000000000e+01 1.600000000000000000e+02 1.350000000000000000e+02 9.000000000000000000e+01 2.470607529974050198e+00
2.620000000000000000e+02 1.000000000000000000e+02 6.000000000000000000e+01 2.700000000000000000e+02 1.800000000000000000e+02 8.256066091937150908e-01
2.630000000000000000e+02 7.000000000000000000e+01 7.000000000000000000e+01 1.350000000000000000e+02 9.000000000000000000e+01 1.305795389895263447e-01
2.630000000000000000e+02 2.400000000000000000e+02 2.500000000000000000e+02 1.350000000000000000e+02 8.900000000000000000e+01 1.769278232960482811e-01
2.630000000000000000e+02 4.000000000000000000e+01 8.000000000000000000e+01 2.700000000000000000e+02 1.800000000000000000e+02 1.689493052377661009e+00
2.640000000000000000e+02 0.000000000000000000e+00 2.400000000000000000e+02 1.350000000000000000e+02 9.000000000000000000e+01 9.948967745222834225e-01
2.660000000000000000e+02 7.000000000000000000e+01 1.200000000000000000e+02 1.350000000000000000e+02 9.000000000000000000e+01 6.502347986929848389e-01
2.660000000000000000e+02 0.000000000000000000e+00 6.000000000000000000e+01 2.700000000000000000e+02 1.800000000000000000e+02 7.246036620952827079e-01
2.670000000000000000e+02 1.400000000000000000e+02 7.000000000000000000e+01 1.350000000000000000e+02 9.000000000000000000e+01 2.451850705617792947e-01
2.670000000000000000e+02 4.000000000000000000e+01 6.000000000000000000e+01 2.700000000000000000e+02 1.800000000000000000e+02 2.145646775742575674e+00
2.680000000000000000e+02 8.000000000000000000e+01 4.000000000000000000e+01 2.700000000000000000e+02 1.800000000000000000e+02 5.695674729695223704e-01
2.690000000000000000e+02 3.000000000000000000e+01 8.000000000000000000e+01 1.350000000000000000e+02 9.000000000000000000e+01 1.838934900030340103e-01
2.700000000000000000e+02 0.000000000000000000e+00 2.000000000000000000e+01 2.700000000000000000e+02 1.800000000000000000e+02 9.294928526000920677e-01
2.700000000000000000e+02 0.000000000000000000e+00 2.400000000000000000e+02 2.700000000000000000e+02 1.800000000000000000e+02 1.140857971131219895e+00
2.710000000000000000e+02 6.000000000000000000e+01 1.300000000000000000e+02 1.350000000000000000e+02 9.000000000000000000e+01 1.256717264641772136e+00
2.720000000000000000e+02 3.000000000000000000e+01 1.300000000000000000e+02 1.350000000000000000e+02 9.000000000000000000e+01 1.281875082967814272e+00
2.730000000000000000e+02 4.000000000000000000e+01 1.600000000000000000e+02 1.350000000000000000e+02 9.000000000000000000e+01 9.286843422734372133e-01
2.750000000000000000e+02 0.000000000000000000e+00 8.000000000000000000e+01 1.350000000000000000e+02 9.000000000000000000e+01 1.620553119712315748e-01
2.760000000000000000e+02 0.000000000000000000e+00 1.200000000000000000e+02 1.350000000000000000e+02 9.000000000000000000e+01 2.098801954315233420e+00
2.780000000000000000e+02 1.300000000000000000e+02 1.000000000000000000e+02 1.350000000000000000e+02 9.000000000000000000e+01 3.465726809120708296e-01
2.780000000000000000e+02 2.000000000000000000e+02 1.300000000000000000e+02 1.350000000000000000e+02 9.000000000000000000e+01 1.087226588461787102e-02
2.780000000000000000e+02 6.000000000000000000e+01 8.000000000000000000e+01 2.700000000000000000e+02 1.800000000000000000e+02 7.619223266978285558e-01
2.790000000000000000e+02 1.200000000000000000e+02 1.400000000000000000e+02 1.350000000000000000e+02 9.000000000000000000e+01 1.097854552371715364e-01
2.800000000000000000e+02 2.000000000000000000e+01 2.000000000000000000e+02 1.350000000000000000e+02 9.000000000000000000e+01 7.197769468908128410e-01
2.820000000000000000e+02 1.000000000000000000e+01 1.200000000000000000e+02 1.350000000000000000e+02 9.000000000000000000e+01 9.679563816117511266e-01
2.840000000000000000e+02 9.000000000000000000e+01 1.400000000000000000e+02 1.350000000000000000e+02 9.000000000000000000e+01 5.578385355201520568e-02
2.840000000000000000e+02 1.500000000000000000e+02 6.000000000000000000e+01 1.350000000000000000e+02 9.000000000000000000e+01 4.008467685228871424e-01
2.840000000000000000e+02 4.000000000000000000e+01 4.000000000000000000e+01 2.700000000000000000e+02 1.800000000000000000e+02 1.517768852110207067e+00
2.850000000000000000e+02 3.000000000000000000e+01 1.600000000000000000e+02 1.350000000000000000e+02 9.000000000000000000e+01 4.962345223527284688e-01
2.860000000000000000e+02 9.000000000000000000e+01 8.000000000000000000e+01 1.350000000000000000e+02 9.000000000000000000e+01 9.779743950312780321e-01
2.860000000000000000e+02 0.000000000000000000e+00 1.800000000000000000e+02 2.700000000000000000e+02 1.800000000000000000e+02 3.281484498522502236e-03
2.870000000000000000e+02 3.000000000000000000e+01 1.100000000000000000e+02 1.350000000000000000e+02 9.000000000000000000e+01 1.055223973169014950e+00
2.890000000000000000e+02 4.000000000000000000e+01 1.500000000000000000e+02 1.350000000000000000e+02 9.000000000000000000e+01 6.718401151912480884e-01
2.890000000000000000e+02 4.000000000000000000e+01 3.600000000000000000e+02 1.350000000000000000e+02 9.000000000000000000e+01 1.159007651709099029e+00
2.890000000000000000e+02 7.000000000000000000e+01 2.000000000000000000e+01 1.350000000000000000e+02 9.000000000000000000e+01 8.908619033503253348e-01
2.900000000000000000e+02 0.000000000000000000e+00 1.200000000000000000e+02 2.700000000000000000e+02 1.800000000000000000e+02 9.459775758749935370e-01
2.910000000000000000e+02 1.100000000000000000e+02 0.000000000000000000e+00 1.350000000000000000e+02 9.000000000000000000e+01 1.123776613653726386e-02
2.920000000000000000e+02 1.000000000000000000e+01 1.400000000000000000e+02 1.350000000000000000e+02 9.000000000000000000e+01 2.396676456119901655e+00
2.930000000000000000e+02 4.000000000000000000e+01 6.000000000000000000e+01 2.700000000000000000e+02 1.800000000000000000e+02 1.228127546760901634e+00
2.940000000000000000e+02 2.200000000000000000e+02 3.000000000000000000e+02 1.350000000000000000e+02 5.000000000000000000e+01 3.774654665512677809e-02
2.940000000000000000e+02 0.000000000000000000e+00 8.000000000000000000e+01 2.700000000000000000e+02 1.800000000000000000e+02 6.406151048605002174e-01
2.950000000000000000e+02 1.000000000000000000e+01 2.200000000000000000e+02 1.350000000000000000e+02 9.000000000000000000e+01 2.840766242098666794e-01
2.950000000000000000e+02 2.000000000000000000e+01 4.000000000000000000e+01 1.350000000000000000e+02 9.000000000000000000e+01 8.149222654493053497e-01
2.950000000000000000e+02 2.400000000000000000e+02 6.000000000000000000e+01 1.350000000000000000e+02 9.000000000000000000e+01 1.029752119710525271e-01
2.950000000000000000e+02 2.600000000000000000e+02 2.400000000000000000e+02 1.350000000000000000e+02 9.000000000000000000e+01 4.773413541148809891e-01
2.950000000000000000e+02 2.700000000000000000e+02 3.000000000000000000e+01 1.350000000000000000e+02 9.000000000000000000e+01 2.117584287729603609e-01
2.950000000000000000e+02 2.200000000000000000e+02 2.000000000000000000e+02 2.300000000000000000e+02 1.600000000000000000e+02 1.121953439291634602e+00
2.960000000000000000e+02 4.000000000000000000e+01 7.000000000000000000e+01 1.350000000000000000e+02 9.000000000000000000e+01 1.663554790037113040e+00
2.960000000000000000e+02 4.000000000000000000e+01 3.300000000000000000e+02 1.350000000000000000e+02 9.000000000000000000e+01 2.061147902062510084e-02
2.970000000000000000e+02 1.000000000000000000e+01 1.500000000000000000e+02 1.350000000000000000e+02 9.000000000000000000e+01 7.279486454298704778e-01
2.980000000000000000e+02 6.000000000000000000e+01 2.800000000000000000e+02 1.350000000000000000e+02 9.000000000000000000e+01 8.322781753194297139e-02
2.980000000000000000e+02 1.100000000000000000e+02 6.000000000000000000e+01 1.350000000000000000e+02 9.000000000000000000e+01 7.953210060459046105e-01
2.990000000000000000e+02 4.000000000000000000e+01 1.000000000000000000e+02 1.350000000000000000e+02 9.000000000000000000e+01 1.717591525468482594e-01
3.000000000000000000e+02 3.000000000000000000e+01 1.000000000000000000e+02 1.350000000000000000e+02 9.000000000000000000e+01 3.350807890908535924e-02
3.000000000000000000e+02 7.000000000000000000e+01 1.400000000000000000e+02 1.350000000000000000e+02 9.000000000000000000e+01 1.908961991053104157e-02
3.000000000000000000e+02 0.000000000000000000e+00 8.000000000000000000e+01 2.700000000000000000e+02 1.800000000000000000e+02 1.870456281071517957e+00
3.010000000000000000e+02 8.000000000000000000e+01 1.400000000000000000e+02 2.700000000000000000e+02 1.800000000000000000e+02 1.328356598368420460e+00
3.020000000000000000e+02 2.100000000000000000e+02 1.200000000000000000e+02 1.350000000000000000e+02 9.000000000000000000e+01 9.964899154033051154e-01
3.040000000000000000e+02 4.000000000000000000e+01 9.000000000000000000e+01 1.350000000000000000e+02 9.000000000000000000e+01 8.948914155466431986e-01
3.050000000000000000e+02 1.000000000000000000e+01 1.000000000000000000e+02 1.350000000000000000e+02 9.000000000000000000e+01 7.252760814803669298e-01
3.070000000000000000e+02 4.000000000000000000e+01 1.100000000000000000e+02 1.350000000000000000e+02 9.000000000000000000e+01 1.400801674597417890e+00
3.080000000000000000e+02 0.000000000000000000e+00 1.600000000000000000e+02 1.350000000000000000e+02 9.000000000000000000e+01 7.748003144859745284e-01
3.090000000000000000e+02 1.000000000000000000e+02 2.000000000000000000e+01 2.700000000000000000e+02 1.800000000000000000e+02 1.079940887170097064e+00
3.110000000000000000e+02 4.500000000000000000e+02 7.000000000000000000e+01 1.350000000000000000e+02 9.000000000000000000e+01 9.645658974319148982e-02
3.120000000000000000e+02 0.000000000000000000e+00 2.500000000000000000e+02 1.350000000000000000e+02 9.000000000000000000e+01 1.017693723440366238e+00
3.130000000000000000e+02 4.000000000000000000e+01 2.100000000000000000e+02 1.350000000000000000e+02 9.000000000000000000e+01 8.023965942609523339e-01
3.140000000000000000e+02 1.000000000000000000e+01 7.000000000000000000e+01 1.350000000000000000e+02 9.000000000000000000e+01 1.534013477712230511e-01
3.150000000000000000e+02 4.000000000000000000e+01 1.000000000000000000e+02 2.700000000000000000e+02 1.800000000000000000e+02 1.261706050766262077e+00
3.160000000000000000e+02 6.000000000000000000e+01 1.000000000000000000e+02 1.350000000000000000e+02 9.000000000000000000e+01 1.205703292702368756e+00
3.170000000000000000e+02 0.000000000000000000e+00 1.200000000000000000e+02 1.350000000000000000e+02 9.000000000000000000e+01 5.989274347683481992e-01
3.190000000000000000e+02 2.000000000000000000e+01 1.500000000000000000e+02 1.350000000000000000e+02 9.000000000000000000e+01 1.247327695082387944e+00
3.200000000000000000e+02 1.200000000000000000e+02 6.000000000000000000e+01 1.350000000000000000e+02 9.000000000000000000e+01 1.631131238558709562e-01
3.200000000000000000e+02 2.000000000000000000e+01 6.000000000000000000e+01 2.700000000000000000e+02 1.800000000000000000e+02 1.923370169188909795e+00
3.210000000000000000e+02 3.000000000000000000e+01 1.300000000000000000e+02 1.350000000000000000e+02 9.000000000000000000e+01 8.491352490022392452e-01
3.220000000000000000e+02 6.000000000000000000e+01 6.000000000000000000e+01 2.700000000000000000e+02 1.800000000000000000e+02 5.518417385306393363e-01
3.220000000000000000e+02 1.000000000000000000e+02 1.000000000000000000e+02 2.700000000000000000e+02 1.800000000000000000e+02 2.454005091034483499e-02
3.230000000000000000e+02 2.000000000000000000e+01 4.000000000000000000e+01 2.700000000000000000e+02 1.800000000000000000e+02 1.532764971040168955e+00
3.250000000000000000e+02 1.000000000000000000e+01 8.000000000000000000e+01 1.350000000000000000e+02 9.000000000000000000e+01 6.724319867703920650e-02
3.250000000000000000e+02 4.000000000000000000e+01 1.000000000000000000e+02 1.350000000000000000e+02 9.000000000000000000e+01 1.992003858925856630e+00
3.260000000000000000e+02 4.000000000000000000e+01 8.000000000000000000e+01 2.700000000000000000e+02 1.800000000000000000e+02 1.883458958769995473e+00
3.270000000000000000e+02 5.000000000000000000e+01 1.700000000000000000e+02 1.350000000000000000e+02 9.000000000000000000e+01 2.735040849426826348e-01
3.270000000000000000e+02 9.000000000000000000e+01 7.000000000000000000e+01 1.350000000000000000e+02 9.000000000000000000e+01 1.025078658127560605e+00
3.290000000000000000e+02 1.000000000000000000e+01 1.500000000000000000e+02 1.350000000000000000e+02 9.000000000000000000e+01 2.611782412693143041e+00
3.300000000000000000e+02 2.000000000000000000e+01 1.500000000000000000e+02 1.350000000000000000e+02 9.000000000000000000e+01 1.959315576556794003e+00
3.310000000000000000e+02 0.000000000000000000e+00 4.000000000000000000e+01 1.350000000000000000e+02 9.000000000000000000e+01 1.217219331222336720e+00
3.310000000000000000e+02 2.000000000000000000e+01 2.000000000000000000e+02 1.350000000000000000e+02 9.000000000000000000e+01 1.249836790749087712e+00
3.310000000000000000e+02 3.000000000000000000e+01 3.400000000000000000e+02 1.350000000000000000e+02 9.000000000000000000e+01 7.198706551857001479e-01
3.320000000000000000e+02 2.000000000000000000e+01 6.000000000000000000e+01 2.700000000000000000e+02 1.800000000000000000e+02 2.096325645460461740e+00
3.330000000000000000e+02 1.400000000000000000e+02 8.000000000000000000e+01 1.350000000000000000e+02 9.000000000000000000e+01 1.455368434868488769e+00
3.330000000000000000e+02 1.400000000000000000e+02 2.100000000000000000e+02 1.350000000000000000e+02 9.000000000000000000e+01 5.853267066108891470e-01
3.340000000000000000e+02 3.000000000000000000e+01 1.900000000000000000e+02 1.350000000000000000e+02 9.000000000000000000e+01 9.965179330874236463e-01
3.340000000000000000e+02 6.000000000000000000e+01 3.400000000000000000e+02 1.350000000000000000e+02 9.000000000000000000e+01 6.777467688191141093e-01
3.340000000000000000e+02 1.000000000000000000e+02 1.000000000000000000e+01 1.350000000000000000e+02 9.000000000000000000e+01 9.942747548761805554e-01
3.350000000000000000e+02 1.400000000000000000e+02 1.200000000000000000e+02 1.350000000000000000e+02 9.000000000000000000e+01 1.088147644247382306e+00
3.370000000000000000e+02 1.000000000000000000e+01 1.200000000000000000e+02 1.350000000000000000e+02 9.000000000000000000e+01 2.363678704510823181e-01
3.380000000000000000e+02 6.000000000000000000e+01 1.600000000000000000e+02 1.350000000000000000e+02 9.000000000000000000e+01 3.864304847152859601e-01
3.390000000000000000e+02 7.000000000000000000e+01 7.000000000000000000e+01 1.350000000000000000e+02 9.000000000000000000e+01 8.428106899472198599e-01
3.390000000000000000e+02 9.000000000000000000e+01 2.900000000000000000e+02 1.350000000000000000e+02 9.000000000000000000e+01 6.907885496276291448e-01
3.410000000000000000e+02 0.000000000000000000e+00 1.100000000000000000e+02 1.350000000000000000e+02 9.000000000000000000e+01 3.650133567814486391e-01
3.430000000000000000e+02 1.600000000000000000e+02 7.000000000000000000e+01 1.350000000000000000e+02 9.000000000000000000e+01 3.668909420607757710e-02
3.430000000000000000e+02 6.000000000000000000e+01 4.000000000000000000e+01 2.700000000000000000e+02 1.800000000000000000e+02 9.928330180004754091e-01
3.440000000000000000e+02 3.000000000000000000e+01 1.900000000000000000e+02 1.350000000000000000e+02 9.000000000000000000e+01 1.834775583946922861e+00
3.460000000000000000e+02 5.000000000000000000e+01 1.700000000000000000e+02 1.350000000000000000e+02 9.000000000000000000e+01 1.385232310984203075e+00
3.480000000000000000e+02 1.400000000000000000e+02 1.300000000000000000e+02 1.350000000000000000e+02 9.000000000000000000e+01 6.827324314372549274e-01
3.490000000000000000e+02 2.000000000000000000e+01 8.000000000000000000e+01 2.700000000000000000e+02 1.800000000000000000e+02 1.529629147093183761e+00
3.500000000000000000e+02 0.000000000000000000e+00 8.000000000000000000e+01 2.700000000000000000e+02 1.800000000000000000e+02 1.445790778680413613e+00
3.510000000000000000e+02 1.000000000000000000e+01 3.000000000000000000e+02 1.350000000000000000e+02 9.000000000000000000e+01 4.970525689291545035e-01
3.510000000000000000e+02 2.500000000000000000e+02 9.000000000000000000e+01 7.100000000000000000e+01 9.000000000000000000e+01 1.552398981416804880e-01
3.520000000000000000e+02 1.000000000000000000e+01 1.500000000000000000e+02 1.350000000000000000e+02 9.000000000000000000e+01 7.788629496088748105e-01
3.530000000000000000e+02 9.000000000000000000e+01 1.400000000000000000e+02 1.350000000000000000e+02 9.000000000000000000e+01 3.949434854542648310e-01
3.540000000000000000e+02 1.200000000000000000e+02 1.500000000000000000e+02 1.350000000000000000e+02 9.000000000000000000e+01 1.482647920783408679e-02
3.540000000000000000e+02 1.000000000000000000e+02 8.000000000000000000e+01 2.700000000000000000e+02 1.800000000000000000e+02 1.080842324086448869e+00
3.550000000000000000e+02 6.000000000000000000e+01 1.300000000000000000e+02 1.350000000000000000e+02 9.000000000000000000e+01 5.733725601518235848e-02
3.550000000000000000e+02 0.000000000000000000e+00 6.000000000000000000e+01 2.700000000000000000e+02 1.800000000000000000e+02 4.414723870681140916e-01
3.570000000000000000e+02 1.100000000000000000e+02 1.800000000000000000e+02 1.350000000000000000e+02 9.000000000000000000e+01 1.140156198291507383e+00
3.580000000000000000e+02 0.000000000000000000e+00 1.600000000000000000e+02 2.700000000000000000e+02 1.800000000000000000e+02 8.180034448919166756e-01
3.590000000000000000e+02 1.000000000000000000e+02 8.000000000000000000e+01 2.700000000000000000e+02 1.800000000000000000e+02 7.864773369286188753e-01
3.600000000000000000e+02 8.000000000000000000e+01 6.000000000000000000e+01 2.700000000000000000e+02 1.800000000000000000e+02 1.055345189397675743e+00
3.610000000000000000e+02 3.000000000000000000e+01 6.000000000000000000e+01 1.350000000000000000e+02 9.000000000000000000e+01 6.726467077231417235e-01
3.620000000000000000e+02 2.000000000000000000e+01 1.100000000000000000e+02 1.350000000000000000e+02 9.000000000000000000e+01 1.954446815684272032e-01
3.630000000000000000e+02 5.000000000000000000e+01 1.600000000000000000e+02 1.350000000000000000e+02 9.000000000000000000e+01 4.730581883476192573e-01
3.640000000000000000e+02 1.100000000000000000e+02 1.700000000000000000e+02 1.350000000000000000e+02 9.000000000000000000e+01 1.829733801348343292e-01
3.640000000000000000e+02 8.000000000000000000e+01 4.000000000000000000e+01 2.700000000000000000e+02 1.800000000000000000e+02 2.205229193242175256e-01
3.650000000000000000e+02 1.000000000000000000e+01 1.000000000000000000e+02 1.350000000000000000e+02 9.000000000000000000e+01 9.872905256788810924e-01
3.660000000000000000e+02 3.000000000000000000e+01 1.300000000000000000e+02 1.350000000000000000e+02 9.000000000000000000e+01 6.947463229927492989e-01
3.670000000000000000e+02 2.000000000000000000e+01 6.000000000000000000e+01 2.700000000000000000e+02 1.800000000000000000e+02 1.682717205084113044e+00
3.680000000000000000e+02 0.000000000000000000e+00 3.100000000000000000e+02 1.350000000000000000e+02 9.000000000000000000e+01 6.932219006223827584e-01
3.680000000000000000e+02 1.200000000000000000e+02 5.000000000000000000e+01 1.350000000000000000e+02 9.000000000000000000e+01 1.325844431927041267e+00
3.690000000000000000e+02 1.700000000000000000e+02 1.300000000000000000e+02 1.350000000000000000e+02 9.000000000000000000e+01 4.239239410982649225e-01
3.690000000000000000e+02 6.000000000000000000e+01 1.200000000000000000e+02 2.700000000000000000e+02 1.800000000000000000e+02 2.078816272599423254e+00
3.700000000000000000e+02 0.000000000000000000e+00 4.000000000000000000e+01 2.700000000000000000e+02 1.800000000000000000e+02 6.483693584573346769e-02
3.710000000000000000e+02 4.000000000000000000e+01 1.000000000000000000e+02 1.350000000000000000e+02 9.000000000000000000e+01 1.616023197784672405e+00
3.720000000000000000e+02 7.000000000000000000e+01 1.300000000000000000e+02 1.350000000000000000e+02 9.000000000000000000e+01 2.765185323858743160e-02
3.720000000000000000e+02 0.000000000000000000e+00 8.000000000000000000e+01 2.700000000000000000e+02 1.800000000000000000e+02 2.419220010056242209e-01
3.730000000000000000e+02 9.000000000000000000e+01 1.400000000000000000e+02 1.350000000000000000e+02 9.000000000000000000e+01 2.077139983334852502e-01
3.730000000000000000e+02 2.000000000000000000e+01 1.000000000000000000e+02 2.700000000000000000e+02 1.800000000000000000e+02 4.949394171244962948e-01
3.740000000000000000e+02 0.000000000000000000e+00 8.000000000000000000e+01 1.350000000000000000e+02 9.000000000000000000e+01 3.660968537094664299e-01
3.750000000000000000e+02 2.000000000000000000e+01 8.000000000000000000e+01 1.350000000000000000e+02 9.000000000000000000e+01 1.111481508770027826e+00
3.760000000000000000e+02 7.000000000000000000e+01 1.400000000000000000e+02 1.350000000000000000e+02 9.000000000000000000e+01 2.297056867703223038e+00
3.770000000000000000e+02 2.500000000000000000e+02 1.300000000000000000e+02 1.350000000000000000e+02 9.000000000000000000e+01 1.365378317002896580e-03
3.770000000000000000e+02 1.000000000000000000e+02 1.000000000000000000e+02 2.700000000000000000e+02 1.800000000000000000e+02 7.860392707036552018e-01
3.780000000000000000e+02 0.000000000000000000e+00 1.400000000000000000e+02 2.700000000000000000e+02 1.800000000000000000e+02 7.404163042389986238e-01
3.790000000000000000e+02 2.000000000000000000e+01 6.000000000000000000e+01 2.700000000000000000e+02 1.800000000000000000e+02 1.565113304411741790e+00
3.820000000000000000e+02 9.000000000000000000e+01 1.800000000000000000e+02 1.350000000000000000e+02 9.000000000000000000e+01 6.203146841391062871e-01
3.830000000000000000e+02 3.000000000000000000e+01 1.000000000000000000e+02 1.350000000000000000e+02 9.000000000000000000e+01 1.606257411824642656e+00
3.840000000000000000e+02 2.000000000000000000e+01 1.000000000000000000e+02 2.700000000000000000e+02 1.800000000000000000e+02 1.652782140673729749e+00
3.850000000000000000e+02 7.000000000000000000e+01 1.700000000000000000e+02 1.350000000000000000e+02 9.000000000000000000e+01 4.696154399434560034e-02
3.850000000000000000e+02 8.000000000000000000e+01 9.000000000000000000e+01 1.350000000000000000e+02 9.000000000000000000e+01 5.259635083296698710e-02
3.850000000000000000e+02 4.000000000000000000e+01 1.000000000000000000e+02 2.700000000000000000e+02 1.800000000000000000e+02 1.408933390815022779e+00
3.870000000000000000e+02 6.000000000000000000e+01 1.300000000000000000e+02 1.350000000000000000e+02 9.000000000000000000e+01 2.541111171505083810e-01
3.880000000000000000e+02 2.000000000000000000e+01 1.000000000000000000e+02 1.350000000000000000e+02 9.000000000000000000e+01 1.192373011034659314e+00
3.880000000000000000e+02 2.700000000000000000e+02 4.000000000000000000e+02 4.500000000000000000e+01 5.000000000000000000e+01 6.059049035434371788e-02
3.890000000000000000e+02 2.000000000000000000e+01 2.000000000000000000e+01 1.350000000000000000e+02 9.000000000000000000e+01 3.975050149261840637e-01
3.890000000000000000e+02 1.000000000000000000e+02 1.200000000000000000e+02 1.350000000000000000e+02 9.000000000000000000e+01 7.296611637429486485e-01
3.890000000000000000e+02 2.100000000000000000e+02 1.100000000000000000e+02 1.350000000000000000e+02 9.000000000000000000e+01 2.794061015513693569e-01
3.900000000000000000e+02 8.000000000000000000e+01 7.000000000000000000e+01 1.350000000000000000e+02 9.000000000000000000e+01 4.881233244150284811e-01
3.910000000000000000e+02 1.000000000000000000e+01 8.000000000000000000e+01 1.350000000000000000e+02 9.000000000000000000e+01 5.479023697285927419e-01
3.920000000000000000e+02 0.000000000000000000e+00 1.000000000000000000e+02 1.350000000000000000e+02 9.000000000000000000e+01 7.265852932298630940e-01
3.930000000000000000e+02 1.000000000000000000e+01 1.200000000000000000e+02 1.350000000000000000e+02 9.000000000000000000e+01 1.968762597723277441e+00
3.930000000000000000e+02 1.600000000000000000e+02 1.900000000000000000e+02 1.350000000000000000e+02 9.000000000000000000e+01 2.550327757812191898e-01
3.940000000000000000e+02 3.000000000000000000e+01 9.000000000000000000e+01 1.350000000000000000e+02 9.000000000000000000e+01 1.572176109773768538e-01
3.940000000000000000e+02 2.700000000000000000e+02 1.200000000000000000e+02 1.350000000000000000e+02 9.000000000000000000e+01 2.753332872291602840e-02
3.950000000000000000e+02 2.000000000000000000e+01 1.500000000000000000e+02 1.350000000000000000e+02 9.000000000000000000e+01 2.058704439312330603e+00
3.960000000000000000e+02 1.000000000000000000e+01 1.400000000000000000e+02 1.350000000000000000e+02 9.000000000000000000e+01 8.137385244718600141e-01
3.970000000000000000e+02 3.000000000000000000e+01 2.000000000000000000e+02 1.350000000000000000e+02 9.000000000000000000e+01 1.760894179914587188e+00
3.970000000000000000e+02 6.000000000000000000e+01 2.700000000000000000e+02 1.350000000000000000e+02 9.000000000000000000e+01 5.838906738197779944e-02
3.980000000000000000e+02 3.000000000000000000e+01 9.000000000000000000e+01 1.350000000000000000e+02 9.000000000000000000e+01 9.674183574598580471e-01
3.980000000000000000e+02 5.000000000000000000e+01 2.200000000000000000e+02 1.350000000000000000e+02 9.000000000000000000e+01 1.518578148750924228e-01
3.980000000000000000e+02 3.500000000000000000e+02 9.000000000000000000e+01 1.000000000000000000e+02 9.000000000000000000e+01 2.455035613785137016e-01
3.990000000000000000e+02 2.000000000000000000e+01 1.000000000000000000e+02 1.350000000000000000e+02 9.000000000000000000e+01 2.368323845686721718e-01
3.990000000000000000e+02 5.000000000000000000e+01 1.200000000000000000e+02 1.350000000000000000e+02 9.000000000000000000e+01 2.781684415412772893e-01
3.990000000000000000e+02 6.000000000000000000e+01 9.000000000000000000e+01 1.350000000000000000e+02 9.000000000000000000e+01 1.473379799702474457e-01
4.000000000000000000e+02 1.000000000000000000e+01 1.700000000000000000e+02 1.350000000000000000e+02 9.000000000000000000e+01 2.244875992404649079e+00
4.010000000000000000e+02 9.000000000000000000e+01 1.100000000000000000e+02 1.350000000000000000e+02 9.000000000000000000e+01 1.118451591912724030e+00
4.020000000000000000e+02 1.200000000000000000e+02 5.000000000000000000e+01 1.350000000000000000e+02 9.000000000000000000e+01 4.916077600365165168e-02
4.020000000000000000e+02 8.000000000000000000e+01 4.000000000000000000e+01 2.700000000000000000e+02 1.800000000000000000e+02 2.412390388595375690e-01
4.030000000000000000e+02 1.000000000000000000e+02 8.000000000000000000e+01 1.350000000000000000e+02 9.000000000000000000e+01 8.868478548751315138e-01
4.060000000000000000e+02 8.000000000000000000e+01 8.000000000000000000e+01 2.700000000000000000e+02 1.800000000000000000e+02 6.130747087290093766e-01
4.070000000000000000e+02 2.000000000000000000e+01 2.000000000000000000e+02 1.350000000000000000e+02 9.000000000000000000e+01 1.614635184862058814e+00
4.070000000000000000e+02 1.800000000000000000e+02 1.400000000000000000e+02 2.700000000000000000e+02 1.800000000000000000e+02 2.864252591707359130e-01
4.080000000000000000e+02 8.000000000000000000e+01 7.000000000000000000e+01 1.350000000000000000e+02 9.000000000000000000e+01 1.615775741352938333e-01
4.080000000000000000e+02 4.000000000000000000e+01 8.000000000000000000e+01 2.700000000000000000e+02 1.800000000000000000e+02 2.039185244918706008e+00
4.090000000000000000e+02 4.000000000000000000e+01 4.000000000000000000e+01 2.700000000000000000e+02 1.800000000000000000e+02 1.108431546325318262e+00
4.100000000000000000e+02 5.000000000000000000e+01 9.000000000000000000e+01 1.350000000000000000e+02 9.000000000000000000e+01 1.898622912885623570e-01
4.100000000000000000e+02 1.100000000000000000e+02 2.500000000000000000e+02 1.350000000000000000e+02 9.000000000000000000e+01 2.589909511974655132e-01
4.120000000000000000e+02 0.000000000000000000e+00 6.000000000000000000e+01 1.350000000000000000e+02 9.000000000000000000e+01 4.453635025370905609e-02
4.120000000000000000e+02 1.400000000000000000e+02 1.000000000000000000e+01 1.350000000000000000e+02 9.000000000000000000e+01 6.919244448028831762e-01
4.160000000000000000e+02 1.000000000000000000e+02 1.700000000000000000e+02 1.350000000000000000e+02 9.000000000000000000e+01 1.453669120315306262e+00
4.170000000000000000e+02 0.000000000000000000e+00 3.200000000000000000e+02 1.350000000000000000e+02 9.000000000000000000e+01 1.269729719328496209e-01
4.170000000000000000e+02 1.000000000000000000e+01 8.000000000000000000e+01 1.350000000000000000e+02 9.000000000000000000e+01 1.038809648617053494e+00
4.180000000000000000e+02 0.000000000000000000e+00 1.100000000000000000e+02 1.350000000000000000e+02 9.000000000000000000e+01 1.115397105139831702e+00
4.190000000000000000e+02 1.000000000000000000e+01 7.000000000000000000e+01 1.350000000000000000e+02 9.000000000000000000e+01 1.041062038016464353e+00
4.190000000000000000e+02 2.000000000000000000e+01 2.500000000000000000e+02 1.350000000000000000e+02 9.000000000000000000e+01 1.011968974448711478e+00
4.200000000000000000e+02 6.000000000000000000e+01 1.100000000000000000e+02 1.350000000000000000e+02 9.000000000000000000e+01 4.416845734554963876e-01
4.200000000000000000e+02 1.900000000000000000e+02 1.100000000000000000e+02 1.350000000000000000e+02 9.000000000000000000e+01 7.622366745832516166e-01
4.210000000000000000e+02 9.000000000000000000e+01 3.000000000000000000e+02 1.350000000000000000e+02 9.000000000000000000e+01 1.202039764721845039e-01
4.210000000000000000e+02 4.000000000000000000e+01 2.000000000000000000e+02 2.700000000000000000e+02 1.800000000000000000e+02 1.924717688568986507e+00
4.220000000000000000e+02 2.000000000000000000e+01 7.000000000000000000e+01 1.350000000000000000e+02 9.000000000000000000e+01 4.637012062123879730e-02
4.220000000000000000e+02 3.000000000000000000e+01 2.100000000000000000e+02 1.350000000000000000e+02 9.000000000000000000e+01 3.903282998041213148e-04
4.220000000000000000e+02 5.000000000000000000e+01 4.000000000000000000e+01 1.350000000000000000e+02 9.000000000000000000e+01 2.031950260392534346e-02
4.220000000000000000e+02 2.400000000000000000e+02 2.400000000000000000e+02 1.350000000000000000e+02 9.000000000000000000e+01 5.678029034985967449e-01
4.220000000000000000e+02 2.900000000000000000e+02 2.000000000000000000e+01 1.350000000000000000e+02 9.000000000000000000e+01 5.607982934907562722e-02
4.240000000000000000e+02 0.000000000000000000e+00 2.000000000000000000e+02 1.350000000000000000e+02 9.000000000000000000e+01 1.221538172847766557e+00
4.250000000000000000e+02 1.700000000000000000e+02 1.000000000000000000e+02 1.350000000000000000e+02 9.000000000000000000e+01 1.714198564467013242e-01
4.270000000000000000e+02 3.000000000000000000e+01 9.000000000000000000e+01 1.350000000000000000e+02 9.000000000000000000e+01 4.228014960490154017e-01
4.280000000000000000e+02 0.000000000000000000e+00 1.000000000000000000e+02 1.350000000000000000e+02 9.000000000000000000e+01 1.286315482080495620e-01
4.290000000000000000e+02 0.000000000000000000e+00 2.900000000000000000e+02 1.350000000000000000e+02 9.000000000000000000e+01 2.976150599815485798e-01
4.290000000000000000e+02 4.000000000000000000e+01 9.000000000000000000e+01 1.350000000000000000e+02 9.000000000000000000e+01 7.140366198677883247e-02
4.310000000000000000e+02 4.000000000000000000e+01 2.100000000000000000e+02 1.350000000000000000e+02 9.000000000000000000e+01 9.236344050744267342e-01
4.330000000000000000e+02 1.200000000000000000e+02 1.300000000000000000e+02 1.350000000000000000e+02 9.000000000000000000e+01 4.037503532685571273e-02
4.340000000000000000e+02 9.000000000000000000e+01 1.200000000000000000e+02 1.350000000000000000e+02 9.000000000000000000e+01 6.523234598565386122e-01
4.340000000000000000e+02 1.100000000000000000e+02 1.000000000000000000e+02 1.350000000000000000e+02 9.000000000000000000e+01 3.121740093628311286e-02
4.360000000000000000e+02 6.000000000000000000e+01 4.000000000000000000e+01 2.700000000000000000e+02 1.800000000000000000e+02 1.787324735047469915e+00
4.370000000000000000e+02 2.000000000000000000e+01 2.100000000000000000e+02 1.350000000000000000e+02 9.000000000000000000e+01 5.838138152131575609e-01
4.370000000000000000e+02 3.000000000000000000e+01 6.000000000000000000e+01 1.350000000000000000e+02 9.000000000000000000e+01 1.545065962270162352e+00
4.380000000000000000e+02 3.000000000000000000e+01 1.800000000000000000e+02 1.350000000000000000e+02 9.000000000000000000e+01 1.879187912274085992e+00
4.390000000000000000e+02 1.000000000000000000e+01 1.200000000000000000e+02 1.350000000000000000e+02 9.000000000000000000e+01 1.711787663853061581e+00
4.390000000000000000e+02 4.000000000000000000e+01 1.900000000000000000e+02 1.350000000000000000e+02 9.000000000000000000e+01 7.668604600012596251e-02
4.400000000000000000e+02 3.000000000000000000e+01 2.600000000000000000e+02 1.350000000000000000e+02 9.000000000000000000e+01 1.575872554830235917e+00
4.400000000000000000e+02 8.000000000000000000e+01 8.000000000000000000e+01 1.350000000000000000e+02 9.000000000000000000e+01 1.094425682668977107e+00
4.410000000000000000e+02 2.000000000000000000e+01 1.700000000000000000e+02 1.350000000000000000e+02 9.000000000000000000e+01 1.331093694688921136e+00
4.410000000000000000e+02 3.000000000000000000e+01 3.000000000000000000e+01 1.350000000000000000e+02 9.000000000000000000e+01 2.193227818338285839e+00
4.410000000000000000e+02 3.000000000000000000e+01 3.200000000000000000e+02 1.350000000000000000e+02 9.000000000000000000e+01 2.067777460024782687e+00
4.420000000000000000e+02 2.000000000000000000e+01 1.000000000000000000e+02 1.350000000000000000e+02 9.000000000000000000e+01 2.128086131041109219e-01
4.420000000000000000e+02 2.000000000000000000e+01 8.000000000000000000e+01 2.700000000000000000e+02 1.800000000000000000e+02 3.881409930770005623e-01
4.430000000000000000e+02 4.000000000000000000e+01 1.600000000000000000e+02 1.350000000000000000e+02 9.000000000000000000e+01 1.331924826624753866e+00
4.440000000000000000e+02 5.000000000000000000e+01 1.400000000000000000e+02 1.350000000000000000e+02 9.000000000000000000e+01 2.697502837798029240e-01
4.450000000000000000e+02 6.000000000000000000e+01 6.000000000000000000e+01 2.700000000000000000e+02 1.800000000000000000e+02 5.488618386299086715e-01
4.460000000000000000e+02 1.000000000000000000e+01 1.100000000000000000e+02 1.350000000000000000e+02 9.000000000000000000e+01 6.285100781939227943e-01
4.470000000000000000e+02 2.000000000000000000e+01 8.000000000000000000e+01 2.700000000000000000e+02 1.800000000000000000e+02 2.107575750443176243e+00
4.480000000000000000e+02 0.000000000000000000e+00 1.900000000000000000e+02 1.350000000000000000e+02 9.000000000000000000e+01 4.919473274969154986e-02
4.480000000000000000e+02 2.000000000000000000e+01 9.000000000000000000e+01 1.350000000000000000e+02 9.000000000000000000e+01 1.551815958914315452e+00
4.490000000000000000e+02 3.000000000000000000e+01 8.000000000000000000e+01 1.350000000000000000e+02 9.000000000000000000e+01 1.300986855759847405e+00
4.500000000000000000e+02 4.000000000000000000e+01 1.900000000000000000e+02 1.350000000000000000e+02 9.000000000000000000e+01 5.087719053879866671e-01
4.530000000000000000e+02 0.000000000000000000e+00 1.100000000000000000e+02 1.350000000000000000e+02 9.000000000000000000e+01 4.423905054794037284e-01
4.540000000000000000e+02 1.900000000000000000e+02 6.000000000000000000e+01 1.350000000000000000e+02 9.000000000000000000e+01 7.999909535549010187e-02
4.540000000000000000e+02 2.900000000000000000e+02 9.000000000000000000e+01 1.350000000000000000e+02 9.000000000000000000e+01 2.817111139277796994e-01
4.540000000000000000e+02 8.000000000000000000e+01 4.000000000000000000e+01 2.700000000000000000e+02 1.800000000000000000e+02 1.608597711100942629e+00
4.550000000000000000e+02 0.000000000000000000e+00 6.000000000000000000e+01 2.700000000000000000e+02 1.800000000000000000e+02 4.086829185808533715e-01
4.570000000000000000e+02 2.000000000000000000e+01 1.200000000000000000e+02 1.350000000000000000e+02 9.000000000000000000e+01 1.582462045474307910e+00
4.580000000000000000e+02 6.000000000000000000e+01 2.300000000000000000e+02 1.350000000000000000e+02 9.000000000000000000e+01 8.214029014437742582e-01
4.600000000000000000e+02 7.000000000000000000e+01 1.600000000000000000e+02 1.350000000000000000e+02 9.000000000000000000e+01 8.760353407328844710e-01
4.610000000000000000e+02 1.000000000000000000e+01 9.000000000000000000e+01 1.350000000000000000e+02 9.000000000000000000e+01 1.340189543945724537e-02
4.610000000000000000e+02 0.000000000000000000e+00 8.000000000000000000e+01 2.700000000000000000e+02 1.800000000000000000e+02 9.022406447661670548e-01
4.620000000000000000e+02 1.000000000000000000e+02 1.200000000000000000e+02 2.700000000000000000e+02 1.800000000000000000e+02 5.510079443708657543e-01
4.650000000000000000e+02 1.300000000000000000e+02 1.200000000000000000e+02 1.350000000000000000e+02 9.000000000000000000e+01 3.560790605247445839e-01
4.650000000000000000e+02 2.000000000000000000e+01 1.000000000000000000e+02 2.700000000000000000e+02 1.800000000000000000e+02 2.496822042087016857e+00
4.660000000000000000e+02 2.000000000000000000e+01 1.600000000000000000e+02 2.700000000000000000e+02 1.800000000000000000e+02 7.939684858580440263e-01
4.670000000000000000e+02 4.000000000000000000e+01 2.300000000000000000e+02 1.350000000000000000e+02 9.000000000000000000e+01 1.042945515712319082e+00
4.690000000000000000e+02 1.000000000000000000e+01 1.300000000000000000e+02 1.350000000000000000e+02 9.000000000000000000e+01 9.526335125526506076e-01
4.690000000000000000e+02 1.000000000000000000e+02 6.000000000000000000e+01 1.350000000000000000e+02 9.000000000000000000e+01 3.156942559860720365e-02
4.700000000000000000e+02 6.000000000000000000e+01 1.400000000000000000e+02 1.350000000000000000e+02 9.000000000000000000e+01 1.050300838451950103e+00
4.700000000000000000e+02 1.000000000000000000e+02 1.000000000000000000e+02 2.700000000000000000e+02 1.800000000000000000e+02 3.153054269839232759e-01
4.710000000000000000e+02 0.000000000000000000e+00 1.300000000000000000e+02 1.350000000000000000e+02 9.000000000000000000e+01 1.490303689761352413e+00
4.720000000000000000e+02 0.000000000000000000e+00 9.000000000000000000e+01 1.350000000000000000e+02 9.000000000000000000e+01 6.044492714868265892e-01
4.730000000000000000e+02 1.000000000000000000e+01 1.500000000000000000e+02 1.350000000000000000e+02 9.000000000000000000e+01 2.471374706373994368e+00
4.730000000000000000e+02 2.700000000000000000e+02 2.600000000000000000e+02 1.350000000000000000e+02 9.000000000000000000e+01 1.348264864691106624e-01
4.740000000000000000e+02 6.000000000000000000e+01 1.500000000000000000e+02 1.350000000000000000e+02 9.000000000000000000e+01 1.872314900994932696e+00
4.750000000000000000e+02 6.000000000000000000e+01 1.900000000000000000e+02 1.350000000000000000e+02 9.000000000000000000e+01 1.674703880136077405e+00
4.780000000000000000e+02 1.000000000000000000e+01 8.000000000000000000e+01 1.350000000000000000e+02 9.000000000000000000e+01 1.640116606764472351e-01
4.800000000000000000e+02 1.000000000000000000e+01 5.000000000000000000e+01 1.350000000000000000e+02 9.000000000000000000e+01 1.662576157320469594e+00
4.810000000000000000e+02 3.000000000000000000e+01 1.500000000000000000e+02 1.350000000000000000e+02 9.000000000000000000e+01 1.467884592646659048e+00
4.820000000000000000e+02 4.000000000000000000e+01 1.100000000000000000e+02 1.350000000000000000e+02 9.000000000000000000e+01 1.698664656597011824e+00
4.830000000000000000e+02 2.000000000000000000e+01 1.200000000000000000e+02 2.700000000000000000e+02 1.800000000000000000e+02 9.530718976229750616e-01
4.840000000000000000e+02 7.000000000000000000e+01 7.000000000000000000e+01 1.350000000000000000e+02 9.000000000000000000e+01 3.541251759345542816e-01
4.840000000000000000e+02 0.000000000000000000e+00 4.000000000000000000e+01 2.700000000000000000e+02 1.800000000000000000e+02 7.606336759998590935e-01
4.860000000000000000e+02 3.000000000000000000e+01 3.300000000000000000e+02 1.350000000000000000e+02 9.000000000000000000e+01 1.493012530757797940e-01
4.870000000000000000e+02 2.600000000000000000e+02 1.700000000000000000e+02 1.350000000000000000e+02 9.000000000000000000e+01 9.527489122388383969e-01
4.880000000000000000e+02 9.000000000000000000e+01 3.000000000000000000e+01 1.350000000000000000e+02 9.000000000000000000e+01 1.399966944188295592e-01
4.880000000000000000e+02 0.000000000000000000e+00 2.000000000000000000e+01 2.700000000000000000e+02 1.800000000000000000e+02 2.055146856528499821e+00
4.890000000000000000e+02 1.200000000000000000e+02 8.000000000000000000e+01 2.700000000000000000e+02 1.800000000000000000e+02 3.594591694985891372e-01
4.900000000000000000e+02 1.400000000000000000e+02 2.200000000000000000e+02 1.350000000000000000e+02 9.000000000000000000e+01 1.381367912696311429e+00
4.900000000000000000e+02 2.300000000000000000e+02 2.300000000000000000e+02 1.350000000000000000e+02 9.000000000000000000e+01 5.346808852819151525e-02
4.910000000000000000e+02 1.400000000000000000e+02 1.000000000000000000e+02 1.350000000000000000e+02 9.000000000000000000e+01 8.530732081441452230e-01
4.930000000000000000e+02 7.000000000000000000e+01 1.000000000000000000e+02 1.350000000000000000e+02 9.000000000000000000e+01 2.684489906489306854e-01
4.940000000000000000e+02 8.000000000000000000e+01 1.000000000000000000e+02 1.350000000000000000e+02 9.000000000000000000e+01 3.260825157897344617e-01
4.950000000000000000e+02 2.000000000000000000e+01 8.000000000000000000e+01 2.700000000000000000e+02 1.800000000000000000e+02 2.594796133559296170e+00
4.960000000000000000e+02 9.000000000000000000e+01 1.400000000000000000e+02 1.350000000000000000e+02 9.000000000000000000e+01 9.870175262187697030e-02
4.960000000000000000e+02 1.800000000000000000e+02 7.000000000000000000e+01 1.350000000000000000e+02 9.000000000000000000e+01 2.384776431381747663e-01
4.960000000000000000e+02 8.000000000000000000e+01 6.000000000000000000e+01 2.700000000000000000e+02 1.800000000000000000e+02 6.514736331172499284e-01
4.970000000000000000e+02 4.000000000000000000e+01 1.200000000000000000e+02 1.350000000000000000e+02 9.000000000000000000e+01 4.966191714621603914e-01
4.980000000000000000e+02 1.000000000000000000e+01 1.800000000000000000e+02 1.350000000000000000e+02 9.000000000000000000e+01 1.416601725812520751e+00
4.990000000000000000e+02 6.000000000000000000e+01 8.000000000000000000e+01 1.350000000000000000e+02 9.000000000000000000e+01 1.052509735648535560e+00
5.000000000000000000e+02 7.000000000000000000e+01 1.000000000000000000e+02 1.350000000000000000e+02 9.000000000000000000e+01 1.653710497727265416e+00
